31
-140.5112762867117
38.168454342985505
16.653787804618418
6.306174629933565
-1.3511798718321533
-3.9442269518735458
-2.5530633383811336
-3.9236657111128705
-1.2474481749009338
-1.8009680089172
-1.867174616779322
-2.3431667238630673
-2.3640068970051704
60.10409531668899
13.711920578107069
14.171920730591662
9.434908433497915
9.080793065521467
7.1329410248318394
5.64294369453857
4.944099110785402
4.377567182734966
4.007075822353287
3.9030628514536923
3.745287549245377
3.6137714703168013
0.0035116172640296426
0.006721096093198968
183.7095148917568
65.30829934534297
0.08423292307310484
34.8448938730041
6.392477387445226
6.924664351461573
3.4636401490680147
4.047121230513917
2.7441548973424306
1.852454678431402
1.8632770624943156
1.4850401663739918
1.6853890288793614
1.3287688891975435
1.4451411592988097
1.3992924099923734
22.69032810889554
3.9056560244840295
4.426691108602551
2.3866758441345213
2.9194832483676656
1.7664950035781224
1.1757339108308706
1.117311314285406
0.8314202878953683
0.7307735613302533
0.7589734985751473
0.7332543734655395
0.8328514071370745
0.008871321936683956
0.015505851287444389
28.083096887383654
13.477844407233436
0.030583862087471308
